velFst=[0,0,0,x(7);0,0,0,x(8);0,0,0,0;0,0,0,0];
