posFst=[1,0,0,x(1);0,1,0,x(2);0,0,1,0;0,0,0,1];
