velFst=[0,0,0,x(5);0,0,0,x(6);0,0,0,0;0,0,0,0];
